dantzig42: 0.019685983657836914
a280: 0.8095219135284424
a280: 1.317323174
tempo totale: 938.220726653
att48: 0.388641429
att532: 511.435390993
bayg29: 2.24761994
bays29: 0.011602640999999858
berlin52: 0.030945084999999928
bier127: 0.23705199700000001
brazil58: 0.031533663999999906
brg180: 0.48626346899999984
burma14: 0.014763623999999975
ch130: 0.14727973900000002
ch150: 0.1750006329999998
d198: 0.4490116149999994
d493: 14.625964029000002
d657: 24.272055209
d1291: 14.918313503
d1655: 61.782830116
d2103: 20.231879379
dantzig42: 0.023311002999999886
fri26: 0.01987865099999997
gil262: 1.025878927
gr17: 0.012950610000000085
gr21: 0.005357592000000189
gr24: 0.008636684000000061
gr48: 0.03035550500000017
gr96: 4.549638335999999
gr120: 0.2550153930000001
gr137: 12.843959345
gr202: 45.162361157999996
gr229: 66.379850318
gr431: 440.996969534
gr666: 1653.329200729
hk48: 0.022896625000000004
kroA100: 0.1285127800000001
kroA150: 0.3812862989999999
kroA200: 0.7667363059999999
kroB100: 0.10293490000000016
kroB150: 0.43532991899999995
kroB200: 0.6548563899999997
kroC100: 0.12610804200000003
kroD100: 0.1489784879999998
kroE100: 0.142972388
lin105: 0.13541161300000004
lin318: 1.8378200319999998
linhp318: 1.6169864500000002
nrw1379: 108.63861131700001
p654: 2.869857627
pa561: 531.5180775460001
pcb442: 4.530097253
pcb1173: 56.642776579
pr76: 0.10483064799999986
pr107: 0.3875168379999998
pr107: 0.12350337599999994
pr124: 0.13026239299999998
pr136: 0.124180768
pr144: 0.18548169699999995
pr152: 0.2336663320000001
pr226: 0.5036407860000001
pr264: 0.595113319
pr299: 1.368594381
pr439: 2.242694965
pr1002: 44.938249538
pr2392: 403.97922747399997
rat99: 0.08902352300000005
rat195: 0.5016440980000001
rat575: 7.347772675
rat783: 21.227065987
rd100: 0.20358297600000008
rd400: 3.471374297
rl1304: 16.941023678
rl1323: 14.875316074
rl1889: 41.855132657
si175: 15.146014107000001
si535: 546.162239619
si1032: 3579.000697148
st70: 0.048879538
swiss42: 0.014608956000000006
ts225: 0.30532276299999994
tsp225: 0.48840202300000013
u159: 0.23629712599999997
u574: 6.703839975999999
u724: 12.249012237
u1060: 34.545723642
u1432: 48.627433917
u1817: 55.746392164
u2152: 85.421156353
u2319: 448.53978814
ulysses16: 0.03450537600000003
ulysses22: 0.05916229000000017
vm1084: 32.680417227999996
vm1748: 95.190153669eil51: 0.024379336
eil76: 0.06022894499999999
fl417: 1.70196104
fl1400: 108.467441753
fl1577: 38.042414722
dsj1000: 3616.526615266
fl3795: 1012.193240239
pcb3038: 613.468831615
